"V1" "V2" "V3"
"1" 0 400 8.99057617780095
"2" 400 400 2.91183656651346
"3" 800 400 15.2792905511296
"4" 1200 400 29.216149818202
"5" 1600 400 39.7184225564263
"6" 2000 400 50.5985887749437
"7" 0 800 5.549629386034
"8" 400 800 3.64579133644312
"9" 800 800 18.6096468705503
"10" 1200 800 32.0592574210573
"11" 1600 800 42.9625305655583
"12" 2000 800 54.4429562608551
"13" 0 1200 4.22439223002414
"14" 400 1200 4.59606652699992
"15" 800 1200 20.7200014279759
"16" 1200 1200 34.1342453671324
"17" 1600 1200 45.6529032780894
"18" 2000 1200 57.0765436768338
"19" 0 1600 3.50365757882989
"20" 400 1600 5.50828368161745
"21" 800 1600 22.2651215091516
"22" 1200 1600 35.8318387409661
"23" 1600 1600 47.7413107884582
"24" 2000 1600 58.8843211510497
"25" 0 2000 3.09922405098282
"26" 400 2000 6.33344295266932
"27" 800 2000 23.4932133410216
"28" 1200 2000 37.2368999453059
"29" 1600 2000 49.3367360773439
"30" 2000 2000 60.1410118951399
"31" 0 2400 2.88754238562674
"32" 400 2400 7.06703974591854
"33" 800 2400 24.50862113502
"34" 1200 2400 38.3999385609409
"35" 1600 2400 50.5624949286035
"36" 2000 2400 61.0150673744103
"37" 0 2800 2.79947416085147
"38" 400 2800 7.71778755157319
"39" 800 2800 25.3674352823044
"40" 1200 2800 39.3670629047583
"41" 1600 2800 51.513049667237
"42" 2000 2800 61.617294596737
"43" 0 3200 2.79229143213516
"44" 400 3200 8.29748012391442
"45" 800 3200 26.105731634337
"46" 1200 3200 40.1774202945094
"47" 1600 3200 52.2569671879881
"48" 2000 3200 62.0258157637843
"49" 0 3600 2.83850853998456
"50" 400 3600 8.81732588771777
"51" 800 3600 26.7488437618442
"52" 1200 3600 40.8625212161363
"53" 1600 3600 52.8446668027377
"54" 2000 3600 62.2975185775582
"55" 0 4000 2.92004325270395
"56" 400 4000 9.28686953860207
"57" 800 4000 27.3153475779459
"58" 1200 4000 41.4472830714306
"59" 1600 4000 53.313898396426
"60" 2000 4000 62.4740459381231
"61" 0 4400 3.02479471409265
"62" 400 4400 9.71390609441211
"63" 800 4400 27.8192342316671
"64" 1200 4400 41.9513395122971
"65" 1600 4400 53.6931958863114
"66" 2000 4400 62.5856171237969
"67" 0 4800 3.14454420362106
"68" 400 4800 10.1047148838868
"69" 800 4800 28.2712562261445
"70" 1200 4800 42.3901631952537
"71" 1600 4800 54.0041644830963
"72" 2000 4800 62.653849881909
"73" 0 5200 3.27363668147122
"74" 400 5200 10.4643521129396
"75" 800 5200 28.6798135321288
"76" 1200 5200 42.7759554377153
"77" 1600 5200 54.2631240337419
"78" 2000 5200 62.6939669861227
"79" 0 5600 3.40813815304867
"80" 400 5600 10.7969138663853
"81" 800 5600 29.0515589384449
"82" 1200 5600 43.1183455214663
"83" 1600 5600 54.4823582961305
"84" 2000 5600 62.716521643089
"85" 0 6000 3.54528842622978
"86" 400 6000 11.1057487087517
"87" 800 6000 29.3918240517239
"88" 1200 6000 43.4249433550464
"89" 1600 6000 54.6710858063472
"90" 2000 6000 62.7287176153042
"91" 0 6400 3.6831400332833
"92" 400 6400 11.3936223532535
"93" 800 6400 29.7049267828937
"94" 1200 6400 43.701777246722
"95" 1600 6400 54.8362142164286
"96" 2000 6400 62.7353935538667
"97" 0 6800 3.82031619631384
"98" 400 6800 11.6628431309056
"99" 800 6800 29.9943979820913
"100" 1200 6800 43.953639726484
"101" 1600 6800 54.9829206285877
"102" 2000 6800 62.7397401862246
"103" 0 7200 3.95584604479227
"104" 400 7200 11.9153572481778
"105" 800 7200 30.2631512717851
"106" 1200 7200 44.1843592183063
"107" 1600 7200 55.1150927258986
"108" 2000 7200 62.7438130859378
"109" 0 7600 4.08905072019784
"110" 400 7600 12.1528213315272
"111" 800 7600 30.513611946581
"112" 1200 7600 44.3970121656728
"113" 1600 7600 55.2356603890494
"114" 2000 7600 62.7488939308935
"115" 0 8000 4.21946350744304
"116" 400 8000 12.3766580444571
"117" 800 8000 30.7478158013054
"118" 1200 8000 44.5940877836291
"119" 1600 8000 55.3468428857763
"120" 2000 8000 62.7557421373706
