"V1" "V2" "V3"
"1" 0 400 40.264784210113
"2" 400 400 19.1306529692229
"3" 800 400 38.6262593124845
"4" 1200 400 61.5459204505952
"5" 1600 400 72.5564647750347
"6" 2000 400 83.5975435174187
"7" 0 800 28.2339045557159
"8" 400 800 20.8823124052537
"9" 800 800 44.4026023333711
"10" 1200 800 62.9187705910883
"11" 1600 800 75.0433170005308
"12" 2000 800 85.7196706836321
"13" 0 1200 23.6310988171745
"14" 400 1200 22.9760301808803
"15" 800 1200 47.941856470522
"16" 1200 1200 65.119442946921
"17" 1600 1200 76.6743598087371
"18" 2000 1200 86.5855037702288
"19" 0 1600 21.1496794154808
"20" 400 1600 24.8196870195151
"21" 800 1600 50.3559602920292
"22" 1200 1600 66.7289738875253
"23" 1600 1600 77.6619139258848
"24" 2000 1600 86.8445644299343
"25" 0 2000 19.6864247109855
"26" 400 2000 26.3633915888529
"27" 800 2000 52.1131814094997
"28" 1200 2000 67.8736381761088
"29" 1600 2000 78.2726137383422
"30" 2000 2000 86.9128968435317
"31" 0 2400 18.7938724390349
"32" 400 2400 27.6529421691077
"33" 800 2400 53.4548362341766
"34" 1200 2400 68.71812267619
"35" 1600 2400 78.6963922467446
"36" 2000 2400 86.9750346785284
"37" 0 2800 18.2459776783357
"38" 400 2800 28.7408327583848
"39" 800 2800 54.5202544017183
"40" 1200 2800 69.3761900610481
"41" 1600 2800 79.037629553341
"42" 2000 2800 87.0871327145079
"43" 0 3200 17.9157824928286
"44" 400 3200 29.6701040515416
"45" 800 3200 55.3941623661622
"46" 1200 3200 69.9169099018342
"47" 1600 3200 79.3450731008783
"48" 2000 3200 87.2522967797977
"49" 0 3600 17.727394691383
"50" 400 3600 30.4735959807593
"51" 800 3600 56.1299009759185
"52" 1200 3600 70.380314150259
"53" 1600 3600 79.6381153589116
"54" 2000 3600 87.4570433450608
"55" 0 4000 17.6334729921711
"56" 400 4000 31.1760418009785
"57" 800 4000 56.7621937468328
"58" 1200 4000 70.7894311009872
"59" 1600 4000 79.9226402301855
"60" 2000 4000 87.6859284151849
"61" 0 4400 17.6035204626784
"62" 400 4400 31.7961887281926
"63" 800 4400 57.314466706979
"64" 1200 4400 71.1578046894144
"65" 1600 4400 80.1991851363409
"66" 2000 4400 87.9263204526192
"67" 0 4800 17.6173767302686
"68" 400 4800 32.3484327416466
"69" 800 4800 57.8031178708139
"70" 1200 4800 71.4937982516936
"71" 1600 4800 80.4667015845442
"72" 2000 4800 88.1692437034682
"73" 0 5200 17.6614240943928
"74" 400 5200 32.8439910038795
"75" 800 5200 58.240041395438
"76" 1200 5200 71.8029432884676
"77" 1600 5200 80.7240791149048
"78" 2000 5200 88.4088835277028
"79" 0 5600 17.7262938983303
"80" 400 5600 33.2917281202237
"81" 800 5600 58.6341456701064
"82" 1200 5600 72.0891856492394
"83" 1600 5600 80.970631503824
"84" 2000 5600 88.6417898779472
"85" 0 6000 17.8054385873383
"86" 400 6000 33.6987406333196
"87" 800 6000 58.992287649705
"88" 1200 6000 72.3555372228115
"89" 1600 6000 81.2061498754669
"90" 2000 6000 88.8661456042587
"91" 0 6400 17.8942204700413
"92" 400 6400 34.0707757845996
"93" 800 6400 59.3198648275927
"94" 1200 6400 72.6044169182139
"95" 1600 6400 81.4308057004614
"96" 2000 6400 89.0811970396
"97" 0 6800 17.9893175770042
"98" 400 6800 34.4125363885194
"99" 800 6800 59.6212030303624
"100" 1200 6800 72.8378329811382
"101" 1600 6800 81.6450251420526
"102" 2000 6800 89.2868457915347
"103" 0 7200 18.0883287721878
"104" 400 7200 34.7279064911341
"105" 800 7200 59.8998195812795
"106" 1200 7200 73.0574855907549
"107" 1600 7200 81.8493799535326
"108" 2000 7200 89.4833711808872
"109" 0 7600 18.1895066814218
"110" 400 7600 35.0201210214593
"111" 800 7600 60.158608143301
"112" 1200 7600 73.2648296320417
"113" 1600 7600 82.0445066020924
"114" 2000 7600 89.6712493644005
"115" 0 8000 18.2915741434389
"116" 400 8000 35.2918951449425
"117" 800 8000 60.3999726789108
"118" 1200 8000 73.461117300006
"119" 1600 8000 82.2310520636564
"120" 2000 8000 89.8510402429669
